modules/vectors/polylines/vector-field-animation/assets/pre_processing/arag_2050_07_v_aspect_trig.asc
ncols        422
nrows        484
xllcorner    -137.179196280258
yllcorner    26.081299551563
cellsize     0.046431266747
NODATA_value  -9999
[rows 84 to 104 of 484, columns 46 to 91 of 422]
72.3034820556640625 83.99752044677734375 117.7243194580078125 100.86672210693359375 96.22318267822265625 105.0626983642578125 99.07636260986328125 105.1280364990234375 120.39752197265625 138.9481201171875 135.308319091796875 104.202117919921875 117.9386749267578125 104.6533050537109375 101.43194580078125 114.182159423828125 124.72492218017578125 140.625946044921875 118.88889312744140625 93.985931396484375 93.84862518310546875 87.93288421630859375 78.84851837158203125 64.8424835205078125 74.394500732421875 53.871311187744140625 54.75983428955078125 90 41.89362335205078125 22.820552825927734375 17.953525543212890625 12.741863250732421875 7.6306939125061035156 5.5884490013122558594 15.923625946044921875 37.895473480224609375 18.764596939086914063 343.249755859375 327.29241943359375 328.918304443359375 339.62384033203125 329.95037841796875 301.119140625 326.18865966796875 308.6385498046875 313.1351318359375
82.20611572265625 82.7645721435546875 102.22490692138671875 109.2058563232421875 101.92313385009765625 101.4190521240234375 97.01407623291015625 99.87688446044921875 111.98276519775390625 127.886962890625 135.556793212890625 106.43999481201171875 116.69713592529296875 101.42710113525390625 100.56870269775390625 108.05907440185546875 105.08589935302734375 112.44448089599609375 113.08159637451171875 98.84252166748046875 91.7036895751953125 88.90567779541015625 83.9212188720703125 75.15667724609375 74.1607208251953125 71.10642242431640625 70.11914825439453125 81.8209381103515625 50.32730865478515625 27.265954971313476563 20.901166915893554688 16.049146652221679688 13.498613357543945313 8.7963418960571289063 341.845977783203125 285.563201904296875 329.7120361328125 326.55450439453125 319.560516357421875 319.23248291015625 327.17572021484375 330.26812744140625 320.6602783203125 330.214508056640625 314.995147705078125 314.4591064453125
85.780914306640625 85.168670654296875 93.87407684326171875 114.253509521484375 113.58602142333984375 103.05449676513671875 97.6770172119140625 97.8772735595703125 107.4129791259765625 116.9488067626953125 135.5532989501953125 123.7988128662109375 113.02735137939453125 100.514190673828125 99.53563690185546875 106.5689544677734375 103.39342498779296875 100.900482177734375 111.9456634521484375 107.87187957763671875 90.35408782958984375 87.71484375 81.49701690673828125 71.59674072265625 61.16550445556640625 73.58208465576171875 69.54277801513671875 65.3373870849609375 45.374786376953125 22.85532379150390625 16.638479232788085938 12.947795867919921875 12.821515083312988281 20.367742538452148438 52.479076385498046875 54.7906036376953125 349.838226318359375 336.794647216796875 331.093963623046875 329.369476318359375 332.16851806640625 330.54754638671875 332.763641357421875 334.5556640625 321.252105712890625 322.91314697265625
88.419708251953125 88.4119873046875 92.49112701416015625 122.92346954345703125 134.2468109130859375 117.2360992431640625 109.99208831787109375 107.40158843994140625 125.0517578125 106.57498931884765625 136.9397735595703125 140.9970855712890625 121.98374176025390625 101.94835662841796875 101.16066741943359375 111.25514984130859375 108.4994049072265625 98.63775634765625 113.26850128173828125 127.302276611328125 63.9333038330078125 37.273342132568359375 18.626085281372070313 26.063310623168945313 27.23531341552734375 48.579498291015625 32.987957000732421875 25.242521286010742188 17.076633453369140625 7.0689492225646972656 5.3050947189331054688 5.4809889793395996094 7.3938860893249511719 21.146032333374023438 76.67376708984375 40.711841583251953125 10.08425140380859375 0.48828193545341491699 354.055816650390625 350.7398681640625 350.116943359375 328.61517333984375 331.530792236328125 355.092620849609375 342.907440185546875 332.2447509765625
92.90999603271484375 92.72563934326171875 96.10648345947265625 124.57401275634765625 140.20941162109375 119.84928131103515625 101.211578369140625 101.52508544921875 110.572723388671875 100.060821533203125 110.9210662841796875 140.9874114990234375 139.48358154296875 107.15016937255859375 106.0150299072265625 119.36440277099609375 114.4231719970703125 101.2425537109375 101.62728118896484375 30.102949142456054688 314.447845458984375 302.142486572265625 307.13604736328125 309.345184326171875 352.038238525390625 20.131885528564453125 16.291437149047851563 10.429390907287597656 3.3101794719696044922 0.61876082420349121094 1.2246673107147216797 2.9117276668548583984 3.4962165355682373047 0.28312280774116516113 270 356.06622314453125 357.76641845703125 354.557037353515625 354.119049072265625 354.012969970703125 347.8035888671875 325.549774169921875 289.00927734375 344.86956787109375 350.114349365234375 330.517303466796875
96.7917022705078125 96.70623779296875 98.5807342529296875 118.28279876708984375 137.9389801025390625 125.6143646240234375 99.78659820556640625 101.22330474853515625 111.49564361572265625 103.4347686767578125 105.4100799560546875 132.173187255859375 148.5434112548828125 122.41094207763671875 106.742706298828125 118.280364990234375 107.553070068359375 88.24568939208984375 40.42095184326171875 342.85443115234375 310.08782958984375 293.24188232421875 301.82598876953125 285.887542724609375 306.625701904296875 335.861541748046875 355.006134033203125 353.326019287109375 354.3834228515625 356.02508544921875 357.775970458984375 359.446502685546875 5.3030390739440917969 20.666957855224609375 18.528049468994140625 350.047760009765625 354.428466796875 350.44384765625 352.209747314453125 352.554290771484375 344.88482666015625 324.216094970703125 270 313.94427490234375 338.619171142578125 323.614227294921875
95.5697479248046875 97.64007568359375 98.80587005615234375 103.0348052978515625 121.6259918212890625 130.5313873291015625 106.6609954833984375 104.515167236328125 111.6817779541015625 108.39379119873046875 115.89398193359375 120.09464263916015625 129.19830322265625 117.82701873779296875 92.74219512939453125 77.26702880859375 303.697357177734375 294.4039306640625 299.718414306640625 305.6787109375 294.846710205078125 290.320831298828125 291.18194580078125 271.327484130859375 267.8255615234375 274.07171630859375 315.852996826171875 321.8828125 338.92730712890625 350.09722900390625 350.145660400390625 349.968780517578125 351.8519287109375 7.6696877479553222656 5.0833826065063476563 356.74835205078125 0.45532539486885070801 355.60882568359375 348.093017578125 342.927978515625 340.916351318359375 343.9390869140625 319.34747314453125 320.918609619140625 327.91888427734375 2.7870035171508789063
92.2978057861328125 99.54502105712890625 105.71741485595703125 106.68364715576171875 118.2326202392578125 136.5743560791015625 119.9582061767578125 108.1893157958984375 107.01270294189453125 107.251861572265625 118.390960693359375 112.9223480224609375 111.8248291015625 108.10894012451171875 28.732860565185546875 329.67755126953125 292.037109375 288.25634765625 296.232574462890625 293.62176513671875 284.20086669921875 297.4400634765625 296.02130126953125 265.691650390625 261.327789306640625 261.177337646484375 288.716278076171875 308.28350830078125 332.000823974609375 347.792938232421875 346.97979736328125 346.290130615234375 337.752197265625 334.816009521484375 354.095733642578125 4.3409423828125 359.38653564453125 355.827972412109375 347.32330322265625 342.143310546875 338.167755126953125 349.601287841796875 12.991788864135742188 359.532684326171875 27.957286834716796875 110.128204345703125
90 106.5501708984375 124.16004180908203125 129.2906341552734375 131.8419036865234375 144.755218505859375 127.49748992919921875 110.6019134521484375 109.19574737548828125 109.0935516357421875 122.25774383544921875 112.75203704833984375 69.75020599365234375 317.821014404296875 327.7158203125 327.025634765625 302.927886962890625 299.90582275390625 300.719879150390625 293.23388671875 280.957061767578125 303.627227783203125 315.73187255859375 271.98394775390625 259.403045654296875 247.64630126953125 261.67822265625 303.63604736328125 336.673736572265625 351.276153564453125 352.616973876953125 356.817718505859375 13.311009407043457031 15.235860824584960938 6.9057722091674804688 356.772705078125 351.521148681640625 352.968505859375 353.96875 350.445037841796875 342.1275634765625 270 343.3739013671875 29.661516189575195313 95.4681854248046875 107.143310546875
90 110.36049652099609375 127.53354644775390625 128.5751495361328125 127.81362152099609375 144.19775390625 138.902069091796875 128.36737060546875 124.79515838623046875 111.49121856689453125 113.38277435302734375 45.1215057373046875 331.70416259765625 300.531158447265625 321.13616943359375 320.442535400390625 303.538604736328125 310.194091796875 300.29327392578125 293.204864501953125 281.91888427734375 297.217681884765625 322.35137939453125 295.62890625 261.82342529296875 236.6383209228515625 236.760040283203125 281.610198974609375 335.350128173828125 349.72332763671875 352.893646240234375 357.74810791015625 18.760478973388671875 10.594893455505371094 358.861419677734375 351.1224365234375 350.151031494140625 351.2579345703125 356.294921875 3.8193440437316894531 34.367992401123046875 76.2347259521484375 78.88172149658203125 90.1270751953125 104.02498626708984375 107.41710662841796875
90 109.28771209716796875 124.3118896484375 124.94577789306640625 124.922607421875 133.7400665283203125 125.675262451171875 130.742156982421875 135.6062164306640625 108.61798858642578125 27.1570892333984375 330.125244140625 322.3001708984375 300.42962646484375 323.934326171875 325.33355712890625 305.94696044921875 312.594329833984375 301.1568603515625 293.40655517578125 282.44287109375 293.368896484375 319.97857666015625 314.33050537109375 272.33294677734375 227.422882080078125 221.15545654296875 259.50848388671875 332.749237060546875 346.13519287109375 350.08258056640625 349.1417236328125 351.7667236328125 358.48297119140625 350.324066162109375 349.82098388671875 353.044830322265625 351.94488525390625 355.56805419921875 13.654677391052246094 63.10898590087890625 73.24568939208984375 96.302642822265625 104.03887176513671875 108.269256591796875 111.73602294921875
106.130523681640625 111.3053131103515625 110.17763519287109375 111.64111328125 112.29113006591796875 111.72432708740234375 101.5537109375 108.6504364013671875 115.88718414306640625 336.032867431640625 314.40625 317.37322998046875 318.95635986328125 296.525970458984375 303.77984619140625 316.527496337890625 307.269378662109375 308.333984375 298.3118896484375 295.606964111328125 284.6614990234375 296.4796142578125 312.00213623046875 313.063873291015625 295.2899169921875 231.439056396484375 222.8815155029296875 255.46502685546875 319.665008544921875 340.90301513671875 352.48760986328125 13.041482925415039063 16.727674484252929688 358.20819091796875 341.702850341796875 342.892608642578125 353.32305908203125 354.563079833984375 4.2643389701843261719 40.46459197998046875 77.62908172607421875 81.51258087158203125 101.47753143310546875 110.5579681396484375 111.2809906005859375 113.4645233154296875
124.00789642333984375 122.90598297119140625 109.7959747314453125 111.3895416259765625 110.11069488525390625 100.760467529296875 89.42474365234375 106.09051513671875 1.0734764337539672852 332.55682373046875 320.76434326171875 333.36090087890625 334.01153564453125 309.20904541015625 297.19500732421875 323.05902099609375 324.6048583984375 317.011260986328125 302.199951171875 316.90576171875 303.155426025390625 311.191558837890625 311.876190185546875 309.51104736328125 317.22674560546875 229.7747802734375 218.829376220703125 251.697998046875 321.443817138671875 343.1910400390625 353.65887451171875 20.217874526977539063 11.63047027587890625 358.155914306640625 345.813323974609375 341.7008056640625 353.793212890625 356.234649658203125 10.121585845947265625 50.333042144775390625 81.80161285400390625 103.40154266357421875 108.33527374267578125 121.26410675048828125 120.26844024658203125 121.0359039306640625
127.3324127197265625 133.31134033203125 116.19794464111328125 116.90689849853515625 105.03363800048828125 51.6919097900390625 27.883480072021484375 344.188018798828125 344.61138916015625 2.9852595329284667969 32.85010528564453125 7.9610600471496582031 354.145599365234375 340.00927734375 304.422607421875 359.907257080078125 358.5311279296875 347.988800048828125 339.22210693359375 353.958099365234375 343.812896728515625 342.140655517578125 336.70306396484375 324.38275146484375 342.68280029296875 216.0675048828125 203.3420257568359375 236.605133056640625 337.7015380859375 352.546905517578125 352.998992919921875 356.78887939453125 0.48246473073959350586 359.75299072265625 357.316253662109375 356.17236328125 358.580657958984375 359.48809814453125 4.7610464096069335938 25.754138946533203125 75.7581939697265625 139.8105621337890625 143.5050048828125 150.733062744140625 145.14520263671875 145.6248931884765625
123.18096923828125 140.7117767333984375 124.25579833984375 105.7545318603515625 32.338382720947265625 341.965850830078125 306.89453125 342.576141357421875 347.27301025390625 28.671758651733398438 41.46089935302734375 10.259907722473144531 358.83221435546875 348.691162109375 270 336.174652099609375 348.348876953125 344.270843505859375 318.324432373046875 348.418975830078125 343.522674560546875 346.02947998046875 345.075286865234375 329.724761962890625 344.506683349609375 220.416778564453125 198.3045196533203125 224.8178558349609375 344.18341064453125 3.0079410076141357422 22.52613067626953125 15.395429611206054688 2.02967071533203125 1.0997442007064819336 2.7226574420928955078 8.9576139450073242188 6.0731482505798339844 12.312808036804199219 35.663021087646484375 43.982891082763671875 78.8564300537109375 136.3576507568359375 154.426422119140625 156.5443572998046875 147.95172119140625 149.201080322265625
108.95130157470703125 140.8872528076171875 133.527008056640625 43.29293060302734375 346.723236083984375 321.84490966796875 270 314.18353271484375 5.9482369422912597656 85.910308837890625 30.368780136108398438 6.5469498634338378906 359.61309814453125 349.415802001953125 270 330.1531982421875 346.51495361328125 345.4210205078125 321.63037109375 345.85931396484375 342.387420654296875 0.72683691978454589844 16.780218124389648438 7.7835230827331542969 352.83941650390625 208.403594970703125 190.215667724609375 206.110992431640625 351.304473876953125 8.1098756790161132813 25.179073333740234375 10.373412132263183594 359.8475341796875 359.136322021484375 1.0971274375915527344 10.084821701049804688 8.6420574188232421875 21.290109634399414063 45.0842132568359375 34.956218719482421875 80.25457000732421875 115.44840240478515625 145.44384765625 160.5366668701171875 152.544952392578125 150.772979736328125
96.28973388671875 117.7769775390625 75.05866241455078125 321.1309814453125 307.068389892578125 289.691802978515625 270 271.0009765625 258.731964111328125 225.5609283447265625 354.69952392578125 355.804046630859375 4.1007609367370605469 35.431850433349609375 61.1990509033203125 357.8885498046875 338.366546630859375 342.501373291015625 331.02587890625 334.548309326171875 327.003173828125 327.955535888671875 13.414904594421386719 9.1312913894653320313 3.0469312667846679688 167.496551513671875 179.64166259765625 181.5522308349609375 358.586700439453125 356.627471923828125 357.62506103515625 358.66387939453125 354.820465087890625 354.239013671875 357.524505615234375 10.42287445068359375 11.238101005554199219 30.268022537231445313 48.93982696533203125 39.327854156494140625 84.1029815673828125 102.94863128662109375 119.1046142578125 143.2591705322265625 136.173828125 116.79869842529296875
91.58707427978515625 76.45529937744140625 337.0772705078125 318.57855224609375 285.989898681640625 266.057373046875 270 260.934844970703125 250.953094482421875 252.165863037109375 310.279052734375 348.2041015625 3.7269041538238525391 66.12561798095703125 38.090167999267578125 6.6712131500244140625 350.62921142578125 0.50202858448028564453 342.0555419921875 332.2484130859375 317.963775634765625 270 335.83990478515625 0.037783283740282058716 12.1208953857421875 132.0185546875 169.5714263916015625 164.0186309814453125 23.043972015380859375 27.3600921630859375 10.098900794982910156 357.55596923828125 354.0596923828125 354.36529541015625 1.28865814208984375 18.612615585327148438 24.002315521240234375 49.980640411376953125 50.40699005126953125 42.697963714599609375 81.63385772705078125 99.7170867919921875 108.1781463623046875 134.0840301513671875 138.4725341796875 116.098876953125
356.823394775390625 327.58251953125 332.274322509765625 326.91534423828125 277.18341064453125 256.829315185546875 267.350006103515625 260.706298828125 248.7085113525390625 240.74346923828125 275.73773193359375 348.492218017578125 356.343658447265625 270 359.962738037109375 0.27368429303169250488 2.5346720218658447266 357.15936279296875 350.31591796875 345.450042724609375 335.357574462890625 270 351.041168212890625 7.083072662353515625 20.66916656494140625 123.8885498046875 161.3104400634765625 155.8256683349609375 52.7623291015625 27.782144546508789063 7.5701851844787597656 357.619659423828125 356.586700439453125 359.04083251953125 11.394383430480957031 20.121273040771484375 27.6052093505859375 46.29524993896484375 30.407001495361328125 31.43463897705078125 75.50714111328125 102.51435089111328125 111.16860198974609375 134.441070556640625 144.9268646240234375 137.828460693359375
312.437042236328125 323.84716796875 330.348724365234375 326.77545166015625 279.1907958984375 262.61865234375 266.85260009765625 265.26458740234375 246.84771728515625 228.459625244140625 237.69384765625 350.374542236328125 8.7172899246215820313 90 6.1202669143676757813 359.72052001953125 332.3310546875 313.02642822265625 345.97662353515625 358.914520263671875 43.335956573486328125 73.67188262939453125 21.144823074340820313 16.728557586669921875 34.217967987060546875 123.5584716796875 153.53564453125 147.5484466552734375 97.62488555908203125 1.6666207313537597656 359.570098876953125 357.898345947265625 357.82904052734375 1.6385557651519775391 19.010820388793945313 21.023174285888671875 22.623945236206054688 31.208406448364257813 19.2069244384765625 30.239139556884765625 74.77269744873046875 104.41277313232421875 112.15015411376953125 128.9544677734375 131.4524383544921875 140.88555908203125
307.916656494140625 325.064208984375 331.12921142578125 328.474029541015625 290.6329345703125 264.725189208984375 263.920684814453125 262.07666015625 233.42822265625 215.6948089599609375 214.7864990234375 349.747283935546875 27.363943099975585938 90 14.809985160827636719 3.3879835605621337891 336.645416259765625 290.636962890625 316.407012939453125 346.10345458984375 1.0576115846633911133 16.743585586547851563 23.149435043334960938 31.685239791870117188 51.52402496337890625 124.4975433349609375 142.8158416748046875 105.7621002197265625 116.820281982421875 0.47331267595291137695 359.43267822265625 358.707550048828125 359.58233642578125 4.7583684921264648438 26.151079177856445313 43.556732177734375 48.27862548828125 38.177143096923828125 20.371694564819335938 32.1150360107421875 71.77983856201171875 104.09864044189453125 114.206573486328125 133.19964599609375 135.642333984375 152.0248260498046875
