modules/vectors/polylines/vector-field-animation/assets/pre_processing/arag_2050_07_v_aspect_trig.asc
ncols        422
nrows        484
xllcorner    -137.179196280258
yllcorner    26.081299551563
cellsize     0.046431266747
NODATA_value  -9999
[rows 168 to 188 of 484, columns 0 to 45 of 422]
-9999 -9999 -9999 -9999 299.650360107421875 304.99029541015625 203.335662841796875 209.3103790283203125 271.92919921875 284.894012451171875 282.6719970703125 271.84918212890625 315.45819091796875 327.69085693359375 324.35992431640625 308.934600830078125 306.43206787109375 305.5093994140625 294.51922607421875 293.64703369140625 254.5119781494140625 285.527618408203125 276.100006103515625 232.3738555908203125 248.33685302734375 241.85040283203125 226.4268035888671875 246.141204833984375 246.956329345703125 232.546600341796875 266.602996826171875 286.278472900390625 265.54388427734375 264.9051513671875 272.404632568359375 280.332916259765625 289.112518310546875 293.5921630859375 282.31854248046875 270 311.43829345703125 311.5576171875 294.285919189453125 295.50341796875 284.419647216796875 270
-9999 -9999 -9999 -9999 290.24609375 300.706634521484375 218.0700531005859375 228.0544281005859375 273.44305419921875 274.81170654296875 271.634857177734375 272.2603759765625 298.2833251953125 305.718597412109375 296.838714599609375 285.73785400390625 286.96295166015625 287.09490966796875 284.658203125 287.939453125 269.69720458984375 285.30291748046875 280.147613525390625 256.60467529296875 262.5150146484375 259.430419921875 248.597869873046875 258.786865234375 257.603118896484375 249.281341552734375 272.118255615234375 279.703125 267.446136474609375 267.448699951171875 270.042877197265625 272.1507568359375 275.892578125 278.986846923828125 275.2366943359375 270 292.437957763671875 304.99261474609375 290.494140625 286.794647216796875 279.252288818359375 270
-9999 -9999 -9999 -9999 277.3436279296875 304.2532958984375 236.7487945556640625 239.3761138916015625 277.877471923828125 274.878692626953125 270 272.5919189453125 297.375396728515625 302.296142578125 289.3455810546875 280.58984375 283.555450439453125 283.910491943359375 285.845367431640625 292.107574462890625 278.744232177734375 290.4886474609375 287.860198974609375 268.18524169921875 267.814544677734375 265.8572998046875 260.85113525390625 265.09539794921875 264.773773193359375 259.728363037109375 279.36907958984375 283.25732421875 268.416778564453125 268.46514892578125 270.2813720703125 272.21710205078125 275.320526123046875 277.73358154296875 274.463134765625 270 281.889556884765625 299.259979248046875 292.63470458984375 277.583953857421875 273.506134033203125 269.6221923828125
-9999 -9999 -9999 -9999 270 319.612060546875 252.79510498046875 241.209197998046875 290.534912109375 281.092254638671875 270 275.62286376953125 307.763702392578125 310.74884033203125 291.44647216796875 280.690704345703125 284.79278564453125 285.7266845703125 293.527008056640625 307.959381103515625 295.642822265625 303.3858642578125 304.31683349609375 283.261474609375 273.789337158203125 271.0206298828125 269.36016845703125 268.70953369140625 270.148193359375 268.212158203125 293.54803466796875 297.25323486328125 270.00677490234375 270.00634765625 272.075225830078125 276.0316162109375 279.95556640625 282.32049560546875 276.73199462890625 270.96441650390625 277.661376953125 302.349456787109375 299.461334228515625 269.906646728515625 269.08087158203125 268.58575439453125
-9999 -9999 -9999 -9999 270 324.7667236328125 277.162628173828125 254.2847137451171875 302.1754150390625 286.81329345703125 270 280.5977783203125 311.33978271484375 311.34197998046875 289.95025634765625 278.68414306640625 280.563995361328125 281.1695556640625 289.191650390625 310.63177490234375 309.55242919921875 310.06842041015625 309.658477783203125 298.949005126953125 282.97882080078125 279.19580078125 284.01055908203125 275.364837646484375 278.20001220703125 284.1024169921875 304.5650634765625 307.19482421875 289.42742919921875 282.566162109375 273.702423095703125 277.44097900390625 277.88653564453125 276.050811767578125 271.87664794921875 272.34332275390625 274.821044921875 297.24981689453125 294.959625244140625 267.88897705078125 268.4580078125 268.458465576171875
-9999 -9999 -9999 -9999 270 332.6153564453125 297.731170654296875 266.51690673828125 315.646453857421875 294.839813232421875 270 289.0589599609375 317.882293701171875 314.987060546875 292.507843017578125 278.864288330078125 277.9993896484375 278.117889404296875 282.633331298828125 302.58990478515625 311.987335205078125 314.457000732421875 307.84368896484375 299.3240966796875 285.32464599609375 283.6319580078125 293.48138427734375 280.953460693359375 283.42669677734375 294.7369384765625 298.66107177734375 289.27606201171875 305.0936279296875 299.946533203125 276.620758056640625 278.108001708984375 275.7069091796875 272.26300048828125 270 271.53948974609375 271.326904296875 291.4442138671875 295.052642822265625 266.399261474609375 267.721710205078125 267.723388671875
-9999 -9999 -9999 -9999 270 343.272308349609375 322.19024658203125 286.60943603515625 326.93414306640625 303.71319580078125 270 299.6285400390625 325.674041748046875 322.140350341796875 301.346038818359375 282.59991455078125 279.045806884765625 278.64288330078125 279.61907958984375 293.786102294921875 302.6561279296875 311.191009521484375 306.38641357421875 295.91455078125 283.0133056640625 283.77984619140625 296.2396240234375 283.69439697265625 285.9183349609375 299.25421142578125 295.466644287109375 280.8404541015625 295.905609130859375 310.31036376953125 289.598785400390625 284.166229248046875 276.7147216796875 271.33154296875 270 270.01800537109375 267.357940673828125 288.14361572265625 294.11981201171875 267.757720947265625 267.061676025390625 267.10369873046875
-9999 -9999 -9999 -9999 270 353.92633056640625 349.139495849609375 321.75390625 336.07684326171875 313.346435546875 270 310.68194580078125 333.3436279296875 331.854827880859375 317.678497314453125 292.41815185546875 285.932037353515625 284.197509765625 281.50970458984375 292.423370361328125 296.60357666015625 307.93804931640625 309.35565185546875 301.51531982421875 286.1077880859375 287.100006103515625 302.164947509765625 293.09552001953125 299.938629150390625 313.28045654296875 311.710418701171875 291.380706787109375 291.87298583984375 319.088165283203125 320.933380126953125 307.230499267578125 285.62225341796875 271.380584716796875 270 267.318267822265625 263.003326416015625 291.295074462890625 296.278564453125 271.2125244140625 265.469268798828125 265.37384033203125
-9999 -9999 -9999 -9999 270 0.69584888219833374023 2.2849178314208984375 346.886383056640625 344.97802734375 326.185546875 270 324.148529052734375 341.654815673828125 343.234130859375 338.8397216796875 314.574951171875 305.1790771484375 299.21075439453125 291.424407958984375 301.016937255859375 297.752288818359375 307.318756103515625 312.96575927734375 312.8013916015625 296.555023193359375 298.48388671875 306.729644775390625 305.14227294921875 319.3214111328125 325.6319580078125 330.900665283203125 315.600494384765625 291.58184814453125 336.150909423828125 350.10955810546875 346.961334228515625 324.74896240234375 281.383514404296875 270 268.51495361328125 269.90008544921875 304.73248291015625 299.74420166015625 270.54949951171875 260.0264892578125 258.36602783203125
-9999 -9999 -9999 -9999 270 348.7984619140625 359.191070556640625 0.97732865810394287109 357.5556640625 350.44329833984375 270 348.77569580078125 357.71710205078125 10.990199089050292969 21.187387466430664063 40.93965911865234375 36.8061981201171875 30.658445358276367188 17.953775405883789063 349.99102783203125 324.687347412109375 328.94964599609375 346.6822509765625 342.396636962890625 319.417938232421875 323.221435546875 328.4566650390625 334.076141357421875 347.189056396484375 344.85723876953125 342.684722900390625 333.497833251953125 282.4327392578125 353.952545166015625 1.6034500598907470703 7.7958111763000488281 2.5355169773101806641 316.446197509765625 270 291.702606201171875 292.463714599609375 301.8834228515625 291.952850341796875 269.116790771484375 258.47491455078125 258.087127685546875
-9999 -9999 -9999 -9999 270 321.03546142578125 331.326904296875 9.33776092529296875 9.9185266494750976563 21.184026718139648438 90 20.37969970703125 18.439786911010742188 35.629505157470703125 40.21994781494140625 62.430023193359375 58.414440155029296875 60.01065826416015625 55.211757659912109375 30.812387466430664063 40.43981170654296875 52.439544677734375 32.1767425537109375 23.972326278686523438 30.009870529174804688 24.666738510131835938 21.617033004760742188 33.466388702392578125 26.6766357421875 25.083333969116210938 17.802045822143554688 12.418367385864257813 135.1122283935546875 52.161914825439453125 20.862026214599609375 16.318878173828125 0.17770449817180633545 325.354339599609375 270 309.71417236328125 312.717498779296875 309.948455810546875 296.110382080078125 266.793853759765625 250.229095458984375 252.78179931640625
-9999 -9999 -9999 -9999 270 315.638946533203125 268.35333251953125 26.025146484375 16.683393478393554688 37.343967437744140625 90 35.5728302001953125 28.562145233154296875 36.675395965576171875 38.62183380126953125 59.447296142578125 47.741085052490234375 54.261444091796875 51.359645843505859375 35.084011077880859375 55.973239898681640625 59.009731292724609375 42.410732269287109375 42.164943695068359375 53.9174041748046875 50.956653594970703125 39.414424896240234375 38.6749725341796875 26.06764984130859375 39.4161376953125 39.6845550537109375 53.081806182861328125 121.20595550537109375 80.369903564453125 42.48504638671875 33.87274169921875 14.353444099426269531 13.412304878234863281 326.270538330078125 328.293060302734375 335.1273193359375 332.45556640625 321.857147216796875 254.342254638671875 224.0413055419921875 237.3336029052734375
-9999 -9999 -9999 -9999 270 336.638031005859375 189.333709716796875 121.42365264892578125 21.70575714111328125 44.510532379150390625 90 40.92935943603515625 33.43059539794921875 38.980865478515625 47.57604217529296875 58.1339569091796875 36.845417022705078125 48.879055023193359375 47.8168487548828125 32.91030120849609375 54.78678131103515625 53.512287139892578125 44.527790069580078125 44.46051788330078125 52.55316162109375 50.11864471435546875 49.13587188720703125 43.174465179443359375 14.437644004821777344 30.816770553588867188 42.89041900634765625 65.42681121826171875 113.34279632568359375 84.68930816650390625 41.8395233154296875 37.59215545654296875 42.4821014404296875 40.414081573486328125 17.98394775390625 348.463592529296875 347.36669921875 342.1851806640625 334.5572509765625 243.19281005859375 219.610260009765625 239.7282562255859375
-9999 -9999 -9999 -9999 270 9.0304708480834960938 155.2111358642578125 126.22707366943359375 27.221240997314453125 49.055561065673828125 90 45.283344268798828125 38.34082794189453125 43.2438201904296875 53.085620880126953125 54.60364532470703125 33.39818572998046875 51.27925872802734375 50.330059051513671875 32.67620849609375 55.413082122802734375 49.856502532958984375 42.2107391357421875 43.505252838134765625 51.313495635986328125 53.130832672119140625 56.995391845703125 48.339908599853515625 29.7472381591796875 42.04547119140625 45.964267730712890625 65.071533203125 112.69579315185546875 85.84200286865234375 39.775669097900390625 35.21199798583984375 48.878780364990234375 42.871761322021484375 29.855485916137695313 18.95064544677734375 0.86573642492294311523 352.228118896484375 346.454345703125 240.1023712158203125 225.2755889892578125 247.073272705078125
-9999 -9999 -9999 -9999 90 45.91159820556640625 152.0806427001953125 122.20330810546875 30.811542510986328125 52.530696868896484375 90 49.79093170166015625 42.655223846435546875 47.565357208251953125 57.375995635986328125 59.5336151123046875 41.473606109619140625 61.483654022216796875 62.13220977783203125 43.51992034912109375 63.5995025634765625 55.017536163330078125 52.601528167724609375 48.749713897705078125 50.842708587646484375 57.819507598876953125 58.626743316650390625 50.761951446533203125 32.62366485595703125 44.8429412841796875 77.68700408935546875 72.24222564697265625 115.29434967041015625 95.69518280029296875 46.87769317626953125 30.838138580322265625 44.767425537109375 42.401126861572265625 35.837436676025390625 31.923725128173828125 10.609972000122070313 2.3504815101623535156 348.00531005859375 282.620697021484375 269.0968017578125 269.1903076171875
-9999 -9999 -9999 -9999 90 109.1890869140625 149.130859375 114.3726654052734375 32.149509429931640625 55.279186248779296875 90 53.063594818115234375 47.3950653076171875 54.1139373779296875 61.543102264404296875 64.463775634765625 49.280139923095703125 68.60660552978515625 69.7769927978515625 54.651641845703125 71.01456451416015625 64.521331787109375 64.4018096923828125 51.11767578125 51.127872467041015625 59.417469024658203125 55.283267974853515625 57.178760528564453125 32.444782257080078125 39.8267059326171875 85.23175811767578125 84.7008209228515625 114.35460662841796875 100.42145538330078125 46.89656829833984375 28.0347900390625 40.332523345947265625 37.402805328369140625 34.67742919921875 32.920379638671875 13.551240921020507813 5.8186140060424804688 342.70416259765625 299.2845458984375 292.939788818359375 282.82098388671875
-9999 -9999 -9999 -9999 90 129.0522308349609375 144.9234771728515625 99.800872802734375 40.693996429443359375 65.2418670654296875 82.1798248291015625 56.779613494873046875 54.44535064697265625 63.05797576904296875 66.24732208251953125 70.306915283203125 56.973255157470703125 73.461639404296875 73.77257537841796875 59.846141815185546875 73.74684906005859375 69.69091796875 69.335906982421875 49.72772216796875 50.595184326171875 55.7784881591796875 50.8172149658203125 69.208221435546875 35.011783599853515625 36.00018310546875 78.18587493896484375 90 123.9335479736328125 109.346099853515625 47.174472808837890625 26.810163497924804688 36.574398040771484375 32.704532623291015625 32.333770751953125 30.681880950927734375 12.988117218017578125 5.9448919296264648438 345.918365478515625 321.30133056640625 342.1815185546875 330.757171630859375
-9999 -9999 -9999 -9999 90 132.6003875732421875 136.6816864013671875 85.46053314208984375 60.887279510498046875 74.026397705078125 76.88079071044921875 70.24846649169921875 71.38047027587890625 77.4717254638671875 76.7228240966796875 79.765167236328125 70.77007293701171875 80.4503936767578125 80.05035400390625 69.75909423828125 78.9520416259765625 75.8740997314453125 71.29631805419921875 52.59629058837890625 54.495632171630859375 67.0760040283203125 61.89246368408203125 73.0293426513671875 44.399478912353515625 42.422046661376953125 74.16825103759765625 90 110.2340240478515625 108.15404510498046875 61.775146484375 38.16451263427734375 49.53345489501953125 44.981876373291015625 42.38482666015625 38.7939910888671875 18.94892120361328125 24.1698150634765625 56.254852294921875 73.746856689453125 67.8524169921875 71.2721405029296875
-9999 -9999 -9999 -9999 90 145.6992950439453125 143.6333770751953125 77.82454681396484375 64.28273773193359375 72.86911773681640625 73.06127166748046875 71.6098785400390625 74.25591278076171875 79.2469329833984375 76.54510498046875 79.53601837158203125 70.45735931396484375 80.45404052734375 79.615020751953125 67.928741455078125 77.3758087158203125 72.43096923828125 58.947124481201171875 39.897418975830078125 44.412357330322265625 78.5355987548828125 55.66722869873046875 55.9364166259765625 46.0751800537109375 42.587322235107421875 70.929656982421875 90 103.402374267578125 104.29534912109375 67.16510009765625 39.732440948486328125 50.9967803955078125 45.83963775634765625 41.870452880859375 38.19692230224609375 19.041034698486328125 31.04444122314453125 62.308757781982421875 62.126445770263671875 70.95825958251953125 69.505706787109375
-9999 -9999 -9999 -9999 90 160.715240478515625 159.0365142822265625 68.5943756103515625 54.891735076904296875 66.51723480224609375 67.25867462158203125 64.298614501953125 66.346038818359375 70.643310546875 66.38716888427734375 69.87276458740234375 54.956081390380859375 71.9727783203125 69.508758544921875 49.33209228515625 63.63095855712890625 51.9227142333984375 25.235483169555664063 9.3935194015502929688 7.1290378570556640625 90 10.14544677734375 19.98593902587890625 38.62349700927734375 35.0652008056640625 62.956714630126953125 90 99.67513275146484375 92.43982696533203125 56.054409027099609375 40.696624755859375 52.875164031982421875 36.997516632080078125 32.5490570068359375 29.909040451049804688 13.905097007751464844 22.556272506713867188 43.501129150390625 37.815277099609375 59.074535369873046875 55.347919464111328125
-9999 -9999 -9999 -9999 90 164.0634765625 162.7732086181640625 69.6158599853515625 53.77358245849609375 65.87348175048828125 66.19103240966796875 61.452617645263671875 58.3839263916015625 58.115810394287109375 56.04589080810546875 58.84479522705078125 39.87052154541015625 59.27400970458984375 55.6639404296875 41.52138519287109375 54.76270294189453125 28.466464996337890625 3.9791808128356933594 355.161407470703125 347.358734130859375 270 351.955047607421875 9.0642795562744140625 52.810848236083984375 39.4182586669921875 63.094982147216796875 90 93.07076263427734375 70.2523651123046875 50.1868896484375 63.304134368896484375 54.652011871337890625 29.758100509643554688 34.544254302978515625 31.645343780517578125 13.906612396240234375 20.002775192260742188 37.172389984130859375 34.809238433837890625 60.271175384521484375 57.78055572509765625
