modules/vectors/polylines/vector-field-animation/assets/pre_processing/arag_2050_07_v_aspect_trig.asc
ncols        422
nrows        484
xllcorner    -137.179196280258
yllcorner    26.081299551563
cellsize     0.046431266747
NODATA_value  -9999
[rows 147 to 167 of 484, columns 138 to 183 of 422]
51.521724700927734375 32.44481658935546875 56.6624908447265625 81.08365631103515625 71.87139129638671875 75.6160888671875 84.4258575439453125 81.690216064453125 69.16895294189453125 67.7411041259765625 72.87583160400390625 77.347015380859375 85.29840850830078125 91.560394287109375 83.61217498779296875 74.590789794921875 66.85953521728515625 135.7684173583984375 175.142913818359375 274.91339111328125 272.158721923828125 270.8302001953125 269.901641845703125 266.9945068359375 270.5281982421875 301.295867919921875 34.424724578857421875 73.45198822021484375 81.43311309814453125 79.75255584716796875 79.90457916259765625 80.53502655029296875 112.38800048828125 140.4382781982421875 113.8582611083984375 110.11258697509765625 249.510528564453125 255.709503173828125 257.667022705078125 265.705718994140625 271.591400146484375 272.47369384765625 274.8175048828125 280.388824462890625 274.5101318359375 268.1318359375
305.48089599609375 42.4000396728515625 65.7483673095703125 72.6233978271484375 84.04376220703125 80.76515960693359375 81.04571533203125 77.9396209716796875 68.51020050048828125 71.0723114013671875 73.20159149169921875 76.763458251953125 82.625 87.87010955810546875 81.68863677978515625 72.29074859619140625 68.947509765625 80.91472625732421875 108.29195404052734375 90.80515289306640625 82.45276641845703125 76.23734283447265625 53.838710784912109375 10.055254936218261719 288.23419189453125 276.317535400390625 273.002716064453125 272.505126953125 270.58782958984375 273.635223388671875 279.8275146484375 291.869842529296875 213.2336273193359375 237.8884124755859375 264.6971435546875 276.772491455078125 277.15777587890625 272.52166748046875 275.01959228515625 275.59454345703125 276.62750244140625 274.43115234375 272.69940185546875 276.38873291015625 276.124969482421875 271.72064208984375
61.597263336181640625 134.6899871826171875 76.150054931640625 61.607494354248046875 94.8264312744140625 87.0431976318359375 74.0004425048828125 75.7374420166015625 67.04141998291015625 70.50714111328125 71.5733184814453125 78.6708984375 81.5858154296875 83.987152099609375 80.2570953369140625 71.04090118408203125 70.32727813720703125 71.5021820068359375 110.15064239501953125 101.6800537109375 81.7758636474609375 79.5214691162109375 67.52123260498046875 65.397369384765625 60.69483184814453125 64.60703277587890625 75.2353057861328125 73.70880889892578125 60.06110382080078125 351.0531005859375 253.206268310546875 248.857421875 247.810028076171875 253.55963134765625 263.81561279296875 283.55157470703125 303.104248046875 67.05712127685546875 73.3024444580078125 80.05756378173828125 83.93963623046875 87.2790374755859375 89.50626373291015625 89.601409912109375 91.871612548828125 95.58416748046875
42.358367919921875 280.342315673828125 191.7371673583984375 79.231048583984375 94.9666595458984375 92.91713714599609375 78.5852203369140625 77.50008392333984375 72.8414459228515625 77.1178741455078125 77.81218719482421875 83.7972259521484375 82.51778411865234375 83.228607177734375 82.7782440185546875 75.56258392333984375 74.11728668212890625 75.25144195556640625 103.33344268798828125 110.587310791015625 88.924102783203125 80.9745025634765625 71.5004119873046875 69.93221282958984375 73.492462158203125 79.11919403076171875 75.36927032470703125 77.755340576171875 77.78401947021484375 65.00363922119140625 66.90761566162109375 68.28621673583984375 245.812652587890625 245.8998870849609375 253.95062255859375 250.727081298828125 194.0260009765625 136.5958099365234375 111.21385955810546875 96.3833465576171875 93.9234771728515625 92.51244354248046875 95.8750457763671875 102.3734893798828125 105.087005615234375 107.07088470458984375
33.6976318359375 5.4350275993347167969 219.3197479248046875 232.14935302734375 229.841949462890625 236.5420684814453125 293.688751220703125 58.880123138427734375 86.39278411865234375 87.2512054443359375 85.0496826171875 89.03128814697265625 84.7650909423828125 85.37517547607421875 85.45915985107421875 80.87359619140625 79.17761993408203125 82.00075531005859375 90.469696044921875 110.3094635009765625 105.7804107666015625 82.7722015380859375 75.265838623046875 73.57920074462890625 80.05982208251953125 81.337554931640625 73.68524932861328125 80.059478759765625 80.66121673583984375 71.49832916259765625 71.97821044921875 78.22048187255859375 81.94901275634765625 75.51404571533203125 80.5623626708984375 85.92557525634765625 92.916229248046875 137.8351287841796875 115.99376678466796875 91.4333038330078125 92.78159332275390625 94.03438568115234375 97.39788055419921875 105.68650054931640625 108.58991241455078125 110.83336639404296875
45.737255096435546875 22.658021926879882813 269.589630126953125 226.6165924072265625 219.8699798583984375 259.050689697265625 266.53082275390625 269.49859619140625 241.082366943359375 237.35137939453125 229.93023681640625 170.8660430908203125 114.13419342041015625 93.73358154296875 91.5826416015625 90.5950164794921875 85.64896392822265625 87.92159271240234375 86.10373687744140625 107.6544189453125 118.5359039306640625 86.9680938720703125 81.256378173828125 76.8376007080078125 83.3238677978515625 82.07753753662109375 74.33049774169921875 82.06810760498046875 81.8892364501953125 74.456390380859375 77.26129150390625 82.40511322021484375 80.88002777099609375 76.04134368896484375 82.390533447265625 84.08156585693359375 79.31941986083984375 103.12213134765625 124.16534423828125 101.4692535400390625 87.76999664306640625 90.1792755126953125 91.35498046875 94.2479095458984375 98.25635528564453125 100.96575164794921875
47.123638153076171875 27.344911575317382813 36.973850250244140625 222.9287872314453125 235.2769317626953125 263.56085205078125 262.342132568359375 253.971160888671875 206.975433349609375 199.096771240234375 185.5893707275390625 173.555755615234375 166.6611480712890625 140.5188751220703125 127.3696136474609375 133.3615264892578125 109.54848480224609375 107.969696044921875 105.45525360107421875 123.61017608642578125 139.9917755126953125 142.4783172607421875 126.573028564453125 82.87961578369140625 87.274017333984375 86.9820556640625 77.55852508544921875 83.71891021728515625 82.26319122314453125 75.7182159423828125 80.9256439208984375 83.32538604736328125 79.09932708740234375 77.681884765625 84.1351165771484375 84.85929107666015625 80.66942596435546875 86.5992584228515625 114.92736053466796875 109.43255615234375 84.238922119140625 87.66302490234375 88.5914306640625 88.257659912109375 93.0792388916015625 95.6016693115234375
72.76187896728515625 58.0191497802734375 49.94678497314453125 40.47565460205078125 176.3055877685546875 149.25201416015625 109.38348388671875 119.855010986328125 126.93878173828125 109.9502105712890625 103.8111572265625 107.77490997314453125 111.57300567626953125 103.75411224365234375 103.476531982421875 114.98049163818359375 115.18791961669921875 122.07965850830078125 124.518341064453125 124.2539215087890625 108.279876708984375 113.771240234375 139.1965789794921875 132.528045654296875 130.7702789306640625 127.55353546142578125 105.16255950927734375 91.099151611328125 83.27309417724609375 75.67864990234375 81.660064697265625 79.97495269775390625 75.4805145263671875 79.070556640625 85.69361114501953125 85.4437713623046875 81.53818511962890625 85.27480316162109375 106.13478851318359375 110.0282745361328125 80.93083953857421875 87.15804290771484375 85.020904541015625 82.44496917724609375 87.00042724609375 89.20194244384765625
83.7604217529296875 53.410320281982421875 35.330532073974609375 41.73659515380859375 103.60223388671875 118.65430450439453125 97.40155029296875 97.0679473876953125 121.3470611572265625 121.805084228515625 99.5706787109375 89.94769287109375 91.74547576904296875 107.48104095458984375 232.509674072265625 241.8467864990234375 234.73016357421875 222.5406341552734375 214.0866546630859375 200.78155517578125 195.108428955078125 233.716339111328125 205.8896331787109375 257.4527587890625 240.385009765625 200.9836273193359375 158.5731201171875 108.5308074951171875 85.92887115478515625 90.19830322265625 77.15705108642578125 49.007701873779296875 38.927143096923828125 80.75077056884765625 97.1873321533203125 86.8689727783203125 82.97063446044921875 93.0123748779296875 108.99893951416015625 100.89517974853515625 93.5440673828125 96.64452362060546875 82.97846221923828125 82.00670623779296875 83.8944244384765625 82.5677490234375
90 30.288602828979492188 21.64415740966796875 34.903011322021484375 93.51634979248046875 127.18639373779296875 103.03887939453125 95.37593841552734375 122.23687744140625 141.958892822265625 343.72906494140625 317.27484130859375 293.8382568359375 275.19635009765625 275.03045654296875 276.36212158203125 269.53619384765625 262.748199462890625 258.3111572265625 257.182373046875 263.948516845703125 268.09417724609375 257.784454345703125 266.1162109375 272.693450927734375 250.7545166015625 249.896240234375 263.91082763671875 262.938140869140625 239.025360107421875 165.405364990234375 83.7130584716796875 69.61934661865234375 77.04801177978515625 98.97661590576171875 14.476103782653808594 277.662322998046875 248.7086181640625 231.606414794921875 211.649627685546875 162.990386962890625 160.3420257568359375 352.351898193359375 0.54414618015289306641 103.68891143798828125 78.137939453125
78.31324005126953125 27.924327850341796875 18.10762786865234375 28.317029953002929688 68.7953948974609375 113.15802001953125 99.25296783447265625 118.02691650390625 131.268310546875 82.68846893310546875 321.05450439453125 316.136566162109375 306.3585205078125 276.769683837890625 298.70343017578125 307.54583740234375 288.288818359375 270.763092041015625 262.709503173828125 262.823760986328125 267.424774169921875 266.557281494140625 258.106201171875 257.21630859375 276.61004638671875 265.19281005859375 256.76171875 268.052764892578125 260.04913330078125 246.4522705078125 240.705535888671875 233.6221160888671875 141.2023468017578125 84.40586090087890625 88.9386444091796875 76.40157318115234375 56.143566131591796875 14.669064521789550781 253.086273193359375 243.800201416015625 251.0533599853515625 265.76800537109375 283.128387451171875 272.1759033203125 250.02044677734375 263.504547119140625
55.0114288330078125 19.895273208618164063 15.299999237060546875 21.932621002197265625 46.56462860107421875 80.7026214599609375 78.374359130859375 115.4875030517578125 148.1530303955078125 333.6885986328125 344.0909423828125 52.9047088623046875 81.41039276123046875 93.11956024169921875 84.09795379638671875 78.73294830322265625 77.547760009765625 76.58008575439453125 81.101470947265625 82.40923309326171875 81.59061431884765625 85.2305145263671875 236.21160888671875 247.718902587890625 275.793212890625 271.911865234375 253.6199951171875 271.8565673828125 253.385772705078125 243.17449951171875 243.012664794921875 240.8420867919921875 246.549224853515625 252.587860107421875 252.9750518798828125 245.40814208984375 72.5570831298828125 57.610157012939453125 46.928195953369140625 254.942626953125 262.190338134765625 275.300537109375 286.87310791015625 277.769012451171875 253.154937744140625 266.096649169921875
26.687343597412109375 16.207540512084960938 16.348114013671875 17.93199920654296875 35.517063140869140625 65.5386810302734375 59.726268768310546875 86.6432342529296875 27.006734848022460938 358.164093017578125 110.0368194580078125 107.3807373046875 95.16092681884765625 95.52327728271484375 91.11273956298828125 88.27655029296875 81.4630889892578125 76.38832855224609375 81.09902191162109375 81.11138153076171875 80.80518341064453125 80.18408203125 69.30663299560546875 69.61107635498046875 63.41025543212890625 103.09893798828125 121.4279632568359375 72.6771392822265625 122.74613189697265625 235.30377197265625 240.2598876953125 240.45928955078125 253.282684326171875 254.745391845703125 256.33447265625 251.730010986328125 227.349822998046875 97.7703399658203125 62.402008056640625 72.12422943115234375 62.85837554931640625 42.955249786376953125 29.548824310302734375 1.5271264314651489258 282.445404052734375 282.203277587890625
33.619564056396484375 18.326904296875 15.930545806884765625 24.624725341796875 49.737857818603515625 50.720733642578125 48.643829345703125 64.90045166015625 39.4568634033203125 67.67102813720703125 134.546966552734375 136.6844635009765625 113.13353729248046875 99.13483428955078125 92.787078857421875 90.00664520263671875 79.9498291015625 75.69638824462890625 79.88938140869140625 74.10204315185546875 75.17249298095703125 73.9118804931640625 56.85652923583984375 54.516551971435546875 62.120361328125 79.87554168701171875 82.45642852783203125 78.70755767822265625 62.104579925537109375 39.736072540283203125 239.7023162841796875 237.295867919921875 256.710540771484375 251.61444091796875 255.9207763671875 250.515594482421875 232.9721221923828125 226.99261474609375 211.45489501953125 74.03330230712890625 61.4082183837890625 65.70914459228515625 65.76399993896484375 42.278728485107421875 41.844585418701171875 60.4319915771484375
49.171390533447265625 24.151027679443359375 28.251329421997070313 49.5664520263671875 50.49277496337890625 35.932704925537109375 50.948825836181640625 60.52437591552734375 61.32326507568359375 100.66565704345703125 121.2986297607421875 140.9295196533203125 127.26337432861328125 100.10540771484375 94.41507720947265625 94.1385498046875 86.46544647216796875 85.63292694091796875 85.2026214599609375 78.7697296142578125 82.30211639404296875 80.8158416748046875 70.57738494873046875 74.4445648193359375 78.44463348388671875 72.01676177978515625 63.31688690185546875 67.94812774658203125 80.45684051513671875 56.285831451416015625 40.766643524169921875 320.003265380859375 288.771484375 262.815185546875 262.00408935546875 250.943511962890625 239.30322265625 241.70562744140625 255.074127197265625 257.48388671875 253.997283935546875 44.97083282470703125 56.12319183349609375 54.84674072265625 68.5890960693359375 67.07105255126953125
50.2663116455078125 23.324728012084960938 34.457546234130859375 50.169887542724609375 27.96141815185546875 20.8275604248046875 45.593822479248046875 56.325740814208984375 76.21353912353515625 111.4228515625 119.42470550537109375 141.5912933349609375 139.1888580322265625 109.11495208740234375 99.3834686279296875 101.4908599853515625 94.17983245849609375 94.00356292724609375 90.22646331787109375 82.55841827392578125 84.82811737060546875 81.98032379150390625 75.46782684326171875 79.41982269287109375 75.4830780029296875 63.922069549560546875 56.648365020751953125 65.905364990234375 77.78619384765625 76.50336456298828125 75.71697235107421875 50.351566314697265625 3.7345361709594726563 299.477783203125 274.384063720703125 263.40533447265625 253.7016448974609375 253.556427001953125 259.7606201171875 250.175384521484375 235.679290771484375 243.46728515625 265.277435302734375 71.7236328125 58.973186492919921875 35.808559417724609375
41.151947021484375 16.538286209106445313 20.896055221557617188 23.532529830932617188 11.718806266784667969 14.276056289672851563 35.4013824462890625 52.393218994140625 73.56900787353515625 129.331451416015625 139.33746337890625 150.1896514892578125 152.5884246826171875 129.1371612548828125 108.86338043212890625 110.3258209228515625 105.83251953125 110.154998779296875 100.108673095703125 88.3588409423828125 86.6953582763671875 81.26163482666015625 79.0728607177734375 78.5505828857421875 66.433319091796875 57.41280364990234375 53.280948638916015625 66.38751220703125 80.41738128662109375 89.51079559326171875 78.36722564697265625 46.60022735595703125 35.00542449951171875 9.0160961151123046875 296.28546142578125 269.8734130859375 280.04388427734375 289.740966796875 265.690643310546875 224.9552001953125 216.7337646484375 236.44573974609375 256.3907470703125 246.6754913330078125 267.968597412109375 351.781982421875
25.482715606689453125 22.58100128173828125 43.876834869384765625 31.459707260131835938 11.495730400085449219 13.357259750366210938 30.673404693603515625 53.036434173583984375 57.4305419921875 139.326446533203125 152.5786895751953125 149.08795166015625 150.638641357421875 141.8910064697265625 129.13250732421875 128.6429290771484375 118.4044189453125 119.2120513916015625 109.0314788818359375 96.9717864990234375 90.44036102294921875 84.740631103515625 84.42996978759765625 78.22238922119140625 64.471649169921875 57.907680511474609375 53.0086669921875 66.96085357666015625 86.76712799072265625 83.5111541748046875 62.65704345703125 40.98439788818359375 38.467479705810546875 30.26662445068359375 15.754620552062988281 260.316192626953125 304.450439453125 289.6533203125 273.83892822265625 240.60491943359375 222.698944091796875 245.715423583984375 260.171630859375 238.547119140625 228.140625 319.96990966796875
18.623565673828125 30.897043228149414063 43.92060089111328125 22.58498382568359375 11.627778053283691406 12.188845634460449219 24.803026199340820313 62.6257476806640625 60.383636474609375 125.40169525146484375 159.6838531494140625 158.51544189453125 154.2806396484375 140.150604248046875 136.050079345703125 148.4180908203125 137.2999114990234375 127.94176483154296875 117.26773834228515625 104.5563201904296875 93.8247222900390625 88.51263427734375 87.24147796630859375 79.3045654296875 66.65802001953125 58.1979522705078125 59.27713775634765625 77.07672882080078125 84.76001739501953125 64.23978424072265625 54.25269317626953125 50.175632476806640625 38.89162445068359375 45.77400970458984375 74.41017913818359375 79.05525970458984375 45.304691314697265625 354.04327392578125 282.162109375 255.403533935546875 245.12103271484375 259.59552001953125 252.1517333984375 217.79705810546875 209.01422119140625 225.5492095947265625
48.56324005126953125 50.106201171875 31.464160919189453125 13.263356208801269531 11.561301231384277344 10.961439132690429688 19.976654052734375 79.26741790771484375 58.363407135009765625 113.71659088134765625 165.173919677734375 165.438690185546875 160.7989044189453125 153.2272491455078125 155.8546142578125 153.45196533203125 144.91693115234375 136.2743377685546875 125.45023345947265625 110.15594482421875 95.1991119384765625 93.1414642333984375 92.7220458984375 82.31366729736328125 68.99225616455078125 58.29962158203125 67.05866241455078125 85.6892852783203125 75.15996551513671875 52.234378814697265625 58.47274017333984375 56.084598541259765625 47.389804840087890625 63.25399017333984375 77.1552886962890625 69.91326904296875 43.559085845947265625 29.459751129150390625 355.438995361328125 271.63623046875 262.0811767578125 270.28521728515625 235.58331298828125 210.4357147216796875 205.6650543212890625 206.3156585693359375
75.16408538818359375 61.167140960693359375 31.479450225830078125 15.97336578369140625 11.976588249206542969 18.398790359497070313 57.442310333251953125 75.5322418212890625 44.7635040283203125 104.32556915283203125 168.74951171875 169.7799072265625 164.5528106689453125 170.4239044189453125 180.0491943359375 167.6764678955078125 154.03594970703125 143.216033935546875 132.6318359375 118.01937103271484375 100.16774749755859375 100.885589599609375 101.929412841796875 86.0059814453125 69.8640899658203125 63.599712371826171875 71.9078521728515625 84.74822235107421875 63.753665924072265625 43.230365753173828125 47.27510833740234375 44.580982208251953125 55.850910186767578125 63.324787139892578125 63.676532745361328125 61.316020965576171875 40.748630523681640625 39.321392059326171875 43.99388885498046875 51.445018768310546875 339.723968505859375 281.180206298828125 244.7865142822265625 215.444610595703125 206.55267333984375 214.522491455078125
