modules/vectors/polylines/vector-field-animation/assets/pre_processing/arag_2050_07_v_aspect_trig.asc
ncols        422
nrows        484
xllcorner    -137.179196280258
yllcorner    26.081299551563
cellsize     0.046431266747
NODATA_value  -9999
[rows 147 to 167 of 484, columns 184 to 229 of 422]
268.080078125 276.209442138671875 290.853424072265625 286.205474853515625 286.14013671875 327.437286376953125 109.631591796875 133.052581787109375 133.83123779296875 124.35340118408203125 105.4552001953125 93.55416107177734375 95.79241180419921875 95.925445556640625 97.41451263427734375 97.05846405029296875 94.847564697265625 91.55620574951171875 89.3042449951171875 88.2979278564453125 89.3567962646484375 92.728759765625 96.61440277099609375 99.30950164794921875 95.2916717529296875 92.1674346923828125 92.14605712890625 78.23342132568359375 65.30724334716796875 35.141292572021484375 356.1982421875 325.052947998046875 309.710601806640625 315.532073974609375 305.230133056640625 297.35406494140625 288.23779296875 287.94744873046875 278.407806396484375 278.431610107421875 285.0582275390625 280.736785888671875 276.966278076171875 272.221527099609375 264.50018310546875 265.106719970703125
268.21826171875 267.132110595703125 60.760967254638671875 78.9601593017578125 97.648712158203125 105.05704498291015625 108.342681884765625 113.38028717041015625 113.74391937255859375 123.08663177490234375 115.39871978759765625 100.34680938720703125 101.95388031005859375 96.2396240234375 94.59969329833984375 92.83331298828125 91.7230682373046875 90.62030029296875 90.0759429931640625 91.31508636474609375 95.30287933349609375 100.17839813232421875 102.29061126708984375 98.35260772705078125 91.8995208740234375 84.91861724853515625 73.54924774169921875 26.169513702392578125 344.714385986328125 322.30328369140625 313.08782958984375 292.62237548828125 285.847198486328125 297.4617919921875 298.57281494140625 297.570892333984375 292.642333984375 290.6534423828125 279.348541259765625 277.90960693359375 281.11016845703125 275.8310546875 274.01605224609375 268.80462646484375 261.589385986328125 264.39080810546875
100.36962127685546875 103.60967254638671875 100.3643951416015625 93.04035186767578125 102.14874267578125 112.88011932373046875 112.90778350830078125 112.0597991943359375 109.49193572998046875 116.5817718505859375 118.94014739990234375 136.3412933349609375 138.2505035400390625 104.32749176025390625 86.8717193603515625 81.86989593505859375 84.1182708740234375 88.95975494384765625 89.66385650634765625 97.68018341064453125 113.8484649658203125 122.081512451171875 119.0491180419921875 94.6851806640625 79.82701873779296875 65.6824798583984375 6.0847764015197753906 340.66888427734375 332.40802001953125 327.714813232421875 323.4984130859375 302.05487060546875 279.249237060546875 308.675140380859375 315.19677734375 309.62841796875 305.52349853515625 301.464111328125 285.019195556640625 278.79150390625 284.45965576171875 280.6429443359375 277.414276123046875 270.6812744140625 266.034515380859375 267.69403076171875
105.47625732421875 104.23870086669921875 107.18396759033203125 98.9471588134765625 103.16617584228515625 114.8464813232421875 114.59133148193359375 112.92629241943359375 106.084442138671875 103.74236297607421875 99.44185638427734375 111.38643646240234375 137.4125518798828125 121.01372528076171875 89.275360107421875 83.68907928466796875 87.61244964599609375 90.347198486328125 89.840606689453125 94.76253509521484375 108.312896728515625 121.4291229248046875 117.979705810546875 89.36611175537109375 82.97127532958984375 41.501987457275390625 357.312164306640625 348.188140869140625 344.551422119140625 341.2242431640625 340.59814453125 342.904144287109375 314.897674560546875 321.218109130859375 318.979248046875 312.66015625 308.3934326171875 302.708404541015625 286.049896240234375 281.31634521484375 290.9993896484375 287.579345703125 281.4261474609375 277.547027587890625 273.546630859375 270.41485595703125
102.843505859375 102.94959259033203125 112.06783294677734375 101.6503448486328125 101.2195281982421875 113.746856689453125 115.6814117431640625 114.57370758056640625 102.3017425537109375 107.89580535888671875 121.2570648193359375 135.8305206298828125 158.69036865234375 148.670318603515625 113.7526092529296875 90.8916473388671875 92.3614044189453125 92.8663330078125 93.4368133544921875 96.06374359130859375 96.783172607421875 101.85210418701171875 102.1347808837890625 70.01541900634765625 35.185214996337890625 350.14129638671875 349.517181396484375 349.9215087890625 352.430419921875 359.898223876953125 15.684406280517578125 33.99748992919921875 350.21844482421875 331.93304443359375 319.886138916015625 312.42376708984375 306.0833740234375 299.16436767578125 282.936492919921875 286.29376220703125 294.692413330078125 288.391143798828125 284.23822021484375 281.962158203125 278.968994140625 273.722503662109375
96.9080810546875 98.9213714599609375 106.41314697265625 99.3878021240234375 96.03354644775390625 102.45307159423828125 101.88346099853515625 95.78389739990234375 79.35553741455078125 68.70949554443359375 67.30399322509765625 259.941314697265625 203.014404296875 183.5643157958984375 168.5706939697265625 138.848358154296875 109.87274932861328125 95.52637481689453125 96.8667144775390625 103.20586395263671875 91.39585113525390625 82.19393157958984375 80.59102630615234375 29.025712966918945313 331.217498779296875 329.18804931640625 337.72076416015625 337.1192626953125 345.777496337890625 10.812406539916992188 8.4333038330078125 332.86651611328125 324.541259765625 329.81268310546875 319.8724365234375 310.908721923828125 302.718963623046875 299.916656494140625 284.69012451171875 284.665191650390625 293.727020263671875 287.302215576171875 284.21514892578125 282.931793212890625 286.240631103515625 279.270721435546875
94.37209320068359375 97.10384368896484375 100.0413970947265625 95.606658935546875 92.39759063720703125 92.57065582275390625 89.44861602783203125 84.0250396728515625 75.22011566162109375 77.40950775146484375 86.960052490234375 88.11363983154296875 112.41922760009765625 121.29151153564453125 109.64403533935546875 123.576080322265625 115.9610748291015625 96.6604461669921875 99.20015716552734375 125.87451934814453125 98.46368408203125 62.52874755859375 30.296497344970703125 343.811737060546875 311.405181884765625 314.255035400390625 329.696014404296875 326.040283203125 327.371429443359375 331.36480712890625 330.566802978515625 310.600311279296875 315.683746337890625 327.67376708984375 322.698944091796875 316.5235595703125 310.409210205078125 305.647064208984375 287.8289794921875 284.245849609375 294.167633056640625 287.34381103515625 283.19757080078125 288.107635498046875 294.45074462890625 283.4947509765625
90.9952850341796875 93.825927734375 93.70265960693359375 91.24770355224609375 91.01770782470703125 90.79006195068359375 87.95714569091796875 83.5468597412109375 79.30570220947265625 84.2021484375 90.0632476806640625 92.55475616455078125 97.3018341064453125 95.28955841064453125 97.941925048828125 101.0974578857421875 53.987766265869140625 288.057373046875 276.966064453125 272.58197021484375 277.07684326171875 285.21673583984375 290.58099365234375 297.136260986328125 287.0760498046875 290.250762939453125 317.170074462890625 325.208892822265625 319.6387939453125 313.929534912109375 311.744598388671875 293.18548583984375 299.28143310546875 319.047454833984375 320.904876708984375 322.70965576171875 322.2421875 318.733917236328125 297.910797119140625 293.146942138671875 305.361480712890625 297.749359130859375 297.2120361328125 299.10986328125 298.86480712890625 284.65911865234375
85.79344940185546875 87.64800262451171875 88.17655181884765625 89.17906951904296875 88.84639739990234375 88.72214508056640625 87.95721435546875 83.90250396728515625 81.3978424072265625 85.39426422119140625 89.989593505859375 93.38211822509765625 89.60418701171875 77.982666015625 72.31035614013671875 17.739389419555664063 339.265625 302.2410888671875 285.1644287109375 305.568603515625 299.2562255859375 295.47052001953125 297.050384521484375 295.929443359375 284.483489990234375 281.343414306640625 314.28173828125 337.819976806640625 331.3985595703125 325.374237060546875 320.29705810546875 298.305419921875 299.045745849609375 328.559844970703125 337.431121826171875 341.1771240234375 350.8494873046875 2.9364914894104003906 17.874040603637695313 38.493740081787109375 37.3474578857421875 18.293073654174804688 345.222381591796875 329.9017333984375 320.04180908203125 296.78082275390625
74.19802093505859375 72.730224609375 77.67105865478515625 88.8181915283203125 78.45430755615234375 68.58109283447265625 66.5228424072265625 58.920238494873046875 59.523624420166015625 71.4330596923828125 87.1054840087890625 79.72487640380859375 64.05290985107421875 48.145885467529296875 28.188047409057617188 6.666568756103515625 357.5511474609375 10.418455123901367188 9.7108182907104492188 350.545928955078125 345.695159912109375 343.68072509765625 348.40667724609375 3.7921304702758789063 62.28228759765625 74.18346405029296875 6.0690464973449707031 345.08966064453125 342.3795166015625 340.63037109375 344.19482421875 358.661773681640625 28.091541290283203125 8.5252332687377929688 358.42822265625 6.3193030357360839844 22.485774993896484375 39.117855072021484375 69.99710845947265625 78.04886627197265625 57.1333770751953125 28.982234954833984375 11.149322509765625 4.7185392379760742188 10.22322845458984375 54.45708465576171875
284.594024658203125 288.09149169921875 281.88348388671875 271.576019287109375 281.516937255859375 288.134246826171875 284.7838134765625 282.757568359375 277.952880859375 275.390899658203125 271.948822021484375 275.474365234375 278.804931640625 280.908294677734375 298.06622314453125 328.54058837890625 353.37921142578125 38.625030517578125 8.02243804931640625 355.107757568359375 357.574127197265625 5.6031813621520996094 21.416749954223632813 49.235103607177734375 73.63683319091796875 47.16943359375 5.6784067153930664063 353.23828125 348.931610107421875 352.4110107421875 10.169474601745605469 44.2633056640625 22.556941986083984375 356.191650390625 353.251922607421875 6.400753021240234375 29.388982772827148438 51.245410919189453125 74.78943634033203125 61.3916015625 19.152042388916015625 3.999454498291015625 1.4674741029739379883 10.27909088134765625 35.78836822509765625 70.1633453369140625
275.563232421875 275.87408447265625 275.275634765625 271.9285888671875 272.709716796875 274.15875244140625 273.941162109375 275.5489501953125 274.198272705078125 274.80877685546875 273.307342529296875 274.39263916015625 277.339508056640625 275.46661376953125 276.574127197265625 282.32647705078125 287.45947265625 278.73748779296875 298.1436767578125 336.67236328125 358.018890380859375 15.988740921020507813 44.46671295166015625 55.257732391357421875 63.984371185302734375 46.106655120849609375 16.833959579467773438 358.239105224609375 359.736724853515625 18.045156478881835938 19.611955642700195313 359.3272705078125 347.024017333984375 356.556884765625 2.4978075027465820313 22.460674285888671875 52.7299041748046875 43.589939117431640625 34.69370269775390625 4.4487729072570800781 355.456634521484375 352.25689697265625 1.3266930580139160156 25.826862335205078125 37.627994537353515625 45.4790191650390625
283.5313720703125 285.969696044921875 284.54510498046875 274.81890869140625 269.404937744140625 265.46856689453125 266.18804931640625 271.775299072265625 273.109344482421875 280.937774658203125 278.98577880859375 283.2452392578125 291.56915283203125 284.39666748046875 278.85211181640625 280.66607666015625 284.459716796875 278.18670654296875 281.718963623046875 304.81707763671875 340.534698486328125 23.254369735717773438 51.6239013671875 50.27648162841796875 65.392486572265625 46.65038299560546875 12.957655906677246094 8.2368764877319335938 26.815578460693359375 30.11083221435546875 11.219655990600585938 10.381954193115234375 13.280646324157714844 7.9017939567565917969 19.822034835815429688 53.868503570556640625 58.64624786376953125 18.606828689575195313 7.3579792976379394531 0.47282886505126953125 359.42486572265625 8.8627367019653320313 31.164066314697265625 32.374546051025390625 18.333532333374023438 35.236110687255859375
59.581989288330078125 32.207122802734375 17.265401840209960938 8.5393075942993164063 265.26751708984375 241.3961181640625 251.7872314453125 261.85174560546875 260.1400146484375 296.83404541015625 293.37896728515625 302.176483154296875 309.1175537109375 289.422576904296875 281.410980224609375 289.626190185546875 294.3865966796875 284.56201171875 284.64947509765625 294.5645751953125 294.44219970703125 310.678070068359375 343.560699462890625 49.72735595703125 71.007476806640625 31.908140182495117188 8.673290252685546875 20.588535308837890625 36.944255828857421875 19.559007644653320313 13.7708587646484375 29.3699951171875 29.023221969604492188 23.516614913940429688 47.28058624267578125 59.90555572509765625 42.506378173828125 13.088788986206054688 10.547419548034667969 9.7535076141357421875 16.135345458984375 40.875415802001953125 40.326732635498046875 19.959981918334960938 20.697336196899414063 58.565643310546875
34.63413238525390625 358.730255126953125 344.551300048828125 319.972869873046875 281.203094482421875 277.179168701171875 269.043121337890625 265.0986328125 266.4046630859375 291.960296630859375 285.53900146484375 282.124908447265625 299.7928466796875 289.7647705078125 275.32525634765625 268.07611083984375 267.0391845703125 273.56103515625 288.1109619140625 306.603515625 291.332305908203125 270.208038330078125 186.04351806640625 98.29180908203125 69.80924224853515625 43.98969268798828125 39.89190673828125 54.910552978515625 45.278713226318359375 28.536649703979492188 28.814111709594726563 48.70703125 60.172542572021484375 54.61203765869140625 56.0682525634765625 50.439632415771484375 46.213558197021484375 37.272663116455078125 61.18206787109375 59.65484619140625 50.586498260498046875 51.193450927734375 27.239910125732421875 22.31504058837890625 43.967647552490234375 79.487579345703125
6.6096653938293457031 341.65167236328125 321.618927001953125 295.555633544921875 272.8570556640625 280.36676025390625 278.517547607421875 271.43792724609375 274.4287109375 301.68267822265625 301.6689453125 290.871826171875 319.861114501953125 312.4683837890625 281.569000244140625 249.831573486328125 241.9220428466796875 262.810577392578125 263.246429443359375 306.986480712890625 328.321563720703125 210.0872955322265625 163.9082489013671875 109.892059326171875 72.30560302734375 75.1793060302734375 58.625110626220703125 53.474826812744140625 42.6940155029296875 31.871967315673828125 39.26168060302734375 68.112335205078125 77.43658447265625 56.33530426025390625 39.85943603515625 39.666233062744140625 46.82659912109375 56.682186126708984375 80.6473846435546875 63.947231292724609375 49.52398681640625 37.5204620361328125 22.830621719360351563 32.43235015869140625 58.35289764404296875 79.505523681640625
4.0031328201293945313 359.26788330078125 353.516693115234375 2.9459068775177001953 340.01690673828125 309.251129150390625 291.220977783203125 278.028289794921875 275.10906982421875 290.38800048828125 308.779449462890625 342.453765869140625 350.653961181640625 353.103607177734375 340.48748779296875 211.9935455322265625 217.067779541015625 243.49615478515625 211.8612213134765625 258.66925048828125 3.5495135784149169922 176.3744964599609375 180.8755645751953125 179.2321319580078125 95.63222503662109375 81.34366607666015625 38.734409332275390625 23.461420059204101563 22.836938858032226563 30.671571731567382813 50.900661468505859375 75.67888641357421875 68.831573486328125 35.12210845947265625 26.773332595825195313 32.420948028564453125 46.3668212890625 64.7957305908203125 83.04270172119140625 42.13177490234375 30.50080108642578125 26.18361663818359375 29.447698593139648438 47.789424896240234375 46.585041046142578125 42.5526885986328125
7.9385619163513183594 17.058742523193359375 41.126617431640625 67.677459716796875 38.94719696044921875 353.001495361328125 316.67913818359375 289.934722900390625 273.432861328125 267.108245849609375 266.749542236328125 297.121673583984375 359.704437255859375 22.612451553344726563 57.7448883056640625 112.78023529052734375 152.1037750244140625 140.9857330322265625 137.389373779296875 90.07332611083984375 11.970788955688476563 172.6288299560546875 191.147491455078125 205.6608734130859375 184.3094940185546875 80.81902313232421875 40.372447967529296875 21.504489898681640625 29.961812973022460938 52.197940826416015625 54.632762908935546875 62.099658966064453125 50.099414825439453125 31.466146469116210938 31.098237991333007813 43.314319610595703125 63.37364959716796875 62.45096588134765625 68.015625 46.613742828369140625 29.626989364624023438 22.414714813232421875 35.976634979248046875 45.743747711181640625 22.508575439453125 17.61077880859375
22.902658462524414063 45.284175872802734375 52.09137725830078125 54.316341400146484375 25.36862945556640625 0.81146371364593505859 337.92266845703125 307.833648681640625 279.86553955078125 265.43206787109375 261.166961669921875 259.177886962890625 11.519459724426269531 49.8645477294921875 76.44435882568359375 93.35260009765625 111.21831512451171875 115.3163604736328125 107.99981689453125 50.958133697509765625 15.879854202270507813 174.92974853515625 205.68475341796875 200.55908203125 192.8070526123046875 188.1466827392578125 49.653400421142578125 36.04351806640625 54.536869049072265625 55.4991455078125 35.304828643798828125 48.02034759521484375 54.04559326171875 34.982330322265625 42.336437225341796875 60.052822113037109375 61.082912445068359375 43.85843658447265625 50.78594207763671875 41.1008453369140625 19.87995147705078125 25.1983184814453125 42.75476837158203125 27.193624496459960938 10.364025115966796875 13.287281990051269531
89.30988311767578125 48.689640045166015625 31.762767791748046875 30.923521041870117188 20.053192138671875 7.38961029052734375 357.51812744140625 338.8824462890625 311.12945556640625 281.102569580078125 258.271240234375 236.536712646484375 199.3419189453125 89.7425994873046875 86.62863922119140625 97.32381439208984375 105.3027496337890625 105.17425537109375 84.53810882568359375 34.347553253173828125 30.471471786499023438 91.98389434814453125 199.6496734619140625 198.4008636474609375 206.0848541259765625 226.462158203125 215.155181884765625 49.589954376220703125 52.42993927001953125 27.9442901611328125 20.0860137939453125 46.613834381103515625 55.61804962158203125 43.5953369140625 58.871501922607421875 60.11431121826171875 41.886737823486328125 28.003238677978515625 35.837596893310546875 26.165233612060546875 17.2163543701171875 38.3545074462890625 37.67803955078125 17.92388153076171875 9.2099256515502929688 12.155098915100097656
230.7801361083984375 307.415252685546875 19.988616943359375 31.422800064086914063 33.294277191162109375 17.604772567749023438 21.66033935546875 41.03421783447265625 26.667985916137695313 347.6634521484375 267.607696533203125 226.0166015625 218.057586669921875 228.461517333984375 189.2777252197265625 130.312164306640625 107.9413299560546875 99.9434814453125 60.875514984130859375 38.667568206787109375 49.974681854248046875 52.359088897705078125 59.570934295654296875 190.7632598876953125 207.0669708251953125 230.467529296875 229.323211669921875 248.550445556640625 9.1960992813110351563 17.513233184814453125 18.191415786743164063 33.89225006103515625 64.28606414794921875 61.388858795166015625 59.947589874267578125 38.8514862060546875 24.856060028076171875 18.0193023681640625 21.525217056274414063 37.229381561279296875 35.934085845947265625 33.056087493896484375 11.142466545104980469 9.77184295654296875 9.9697828292846679688 12.8393402099609375
